10111110101100010000011100000000
00111110101011010000100100111001
00111111110000000000000000000000
11001001111000111000100010101100
11001001011011101111101111001110
00000000000000000000000000000000
00111111011111111111111111110100
10111110101100010000011100000000
00111110101011010000100100111001
00111111110000000000000000000000
11001001111000111000100010101100
11001001011011101111101111001110
00000000000000000000000000000000
00111111011111111111111111110100
10111110101100010000011100000000
00111110101011010000100100111001
00111111110000000000000000000000
11001001111000111000100010101100
11001001011011101111101111001110
00000000000000000000000000000000
00111111011111111111111111110100
10111110101100010000011100000000
00111110101011010000100100111001
00111111110000000000000000000000
11001001111000111000100010101100
11001001011011101111101111001110
00000000000000000000000000000000
00111111011111111111111111110100
10111110101100010000011100000000
00111110101011010000100100111001
00111111110000000000000000000000
11001001111000111000100010101100
11001001011011101111101111001110
00000000000000000000000000000000
00111111011111111111111111110100
10111110101100010000011100000000
00111110101011010000100100111001
00111111110000000000000000000000
11001001111000111000100010101100
11001001011011101111101111001110
00000000000000000000000000000000
00111111011111111111111111110100
10111110101100010000011100000000
00111110101011010000100100111001
00111111110000000000000000000000
11001001111000111000100010101100
11001001011011101111101111001110
00000000000000000000000000000000
00111111011111111111111111110100
10111110101100010000011100000000
00111110101011010000100100111001
00111111110000000000000000000000
11001001111000111000100010101100
11001001011011101111101111001110
00000000000000000000000000000000
00111111011111111111111111110100
10111110101011110000100000100101
00111110101011110000100000100101
00111111110000000000000000000000
10111111001101010000010011110011
10111111001101010000010011110011
00000000000000000000000000000000
00111101000001110111101101110000
10111110101011101100100000111110
00111110101001011000000010110010
00111111110000000000000000000000
10111111001100000000011100110110
10111111001110011110000001100110
00000000000000000000000000000000
00111011111001111110111110000000
10111110101011101100100000111110
00111110101001011000000010110010
00111111110000000000000000000000
10111111001100000000011100110110
10111111001110011110000001100110
00000000000000000000000000000000
00111011111001111110111110000000
10111110101011101100100000111110
00111110101001011000000010110010
00111111110000000000000000000000
10111111001100000000011100110110
10111111001110011110000001100110
00000000000000000000000000000000
00111011111001111110111110000000
10111110101011101100100000111110
00111110101001011000000010110010
00111111110000000000000000000000
10111111001100000000011100110110
10111111001110011110000001100110
00000000000000000000000000000000
00111011111001111110111110000000
10111110101011101100100000111110
00111110101001011000000010110010
00111111110000000000000000000000
10111111001100000000011100110110
10111111001110011110000001100110
00000000000000000000000000000000
00111011111001111110111110000000
10111110101011101100100000111110
00111110101001011000000010110010
00111111110000000000000000000000
10111111001100000000011100110110
10111111001110011110000001100110
00000000000000000000000000000000
00111011111001111110111110000000
10111110101011101100100000111110
00111110101001011000000010110010
00111111110000000000000000000000
10111111001100000000011100110110
10111111001110011110000001100110
00000000000000000000000000000000
00111011111001111110111110000000
10111110101011101100100000111110
00111110101001011000000010110010
00111111110000000000000000000000
10111111001100000000011100110110
10111111001110011110000001100110
00000000000000000000000000000000
00111011111001111110111110000000
