00000000000000000000010000100100
00000000000000000000010000100100
00000000000000000000010000100100
00000000000000000000010000100100
00000000000000000000010000100100
00000000000000000000010000100100
00000000000000000000010000100100
00000000000000000000010000100100
00000000000000000000010000100100
00000000000000000000010000100100
00000000000000000000010000100100
00000000000000000000010000100100
00000000000000000000010000100100
00000000000000000000010000100100
00000000000000000000010000100100
00000000000000000000010000100100
00000000000000000000010000100100
00000000000000000000010000100100
00000000000000000000010000100100
00000000000000000000010000100100
00000000000000000000010000100100
00000000000000000000010000100100
00000000000000000000010000100100
00000000000000000000010000100100
00000000000000000000010000100100
00000000000000000000010000100100
00000000000000000000010000100100
00000000000000000000010000100100
00000000000000000000010000100100
00000000000000000000010000100100
00000000000000000000010000100100
00000000000000000000010000100100
00000000000000000000010000100100
00000000000000000000010000100100
00000000000000000000010000100100
00000000000000000000010000100100
00000000000000000000010000100100
00000000000000000000010000100100
00000000000000000000010000100100
00000000000000000000010000100100
00000000000000000000010000100100
00000000000000000000010000100100
00000000000000000000010000100100
00000000000000000000010000100100
00000000000000000000010000100100
00000000000000000000010000100100
00000000000000000000010000100100
00000000000000000000010000100100
00000000000000000000010000100100
00000000000000000000010000100100
00000000000000000000010000100100
00000000000000000000010000100100
00000000000000000000010000100100
00000000000000000000010000100100
00000000000000000000010000100100
00000000000000000000010000100100
00000000000000000000010000100100
00000000000000000000010000100100
00000000000000000000010000100100
00000000000000000000010000100100
00000000000000000000010000100100
00000000000000000000010000100100
00000000000000000000010000100100
00000000000000000000010000100100
00000000000000000000010000100100
00000000000000000000010000100100
00000000000000000000010000100100
00000000000000000000010000100100
00000000000000000000010000100100
00000000000000000000010000100100
00000000000000000000010000100100
00000000000000000000010000100100
00000000000000000000010000100100
00000000000000000000010000100100
00000000000000000000010000100100
00000000000000000000010000100100
00000000000000000000010000100100
00000000000000000000010000100100
00000000000000000000010000100100
00000000000000000000010000100100
00000000000000000000010000100100
00000000000000000000010000100100
00000000000000000000010000100100
00000000000000000000010000100100
00000000000000000000001111000000
00000000000000000000010001001100
00000000000000000000010000101011
00000000000000000000010001001100
00000000000000000000001111000111
00000000000000000000010001001100
00000000000000000000010000101011
00000000000000000000010001001100
00000000000000000000001111000111
00000000000000000000010000100100
00000000000000000000001111000000
00000000000000000000010000100100
00000000000000000000010000100100
00000000000000000000010000100100
00000000000000000000010000100100
00000000000000000000010000100100
00000000000000000000010000100100
00000000000000000000010000100100
00000000000000000000010000100100
00000000000000000000010000100100
00000000000000000000010000100100
00000000000000000000010000100100
00000000000000000000010000100100
00000000000000000000010000100100
00000000000000000000010000100100
00000000000000000000010000100100
00000000000000000000010000100100
00000000000000000000010000100100
00000000000000000000010000100100
00000000000000000000010000100100
00000000000000000000010000100100
00000000000000000000010000100100
00000000000000000000010000100100
00000000000000000000010000100100
00000000000000000000010000100100
00000000000000000000010000100100
00000000000000000000010000100100
00000000000000000000010000100100
00000000000000000000010000100100
00000000000000000000010000100100
00000000000000000000010000100100
00000000000000000000010000100100
00000000000000000000010000100100
00000000000000000000010000100100
00000000000000000000010000100100
00000000000000000000010000100100
00000000000000000000010000100100
00000000000000000000010000100100
00000000000000000000010000100100
00000000000000000000010000100100
00000000000000000000010000100100
00000000000000000000010000100100
00000000000000000000010000100100
00000000000000000000010000100100
00000000000000000000010000100100
00000000000000000000010000100100
00000000000000000000010000100100
00000000000000000000010000100100
00000000000000000000010000100100
00000000000000000000010000100100
00000000000000000000010000100100
00000000000000000000010000100100
00000000000000000000010000100100
00000000000000000000010000100100
00000000000000000000010000100100
00000000000000000000010000100100
00000000000000000000010000100100
00000000000000000000010000100100
00000000000000000000010000100100
00000000000000000000010000100100
00000000000000000000010000100100
00000000000000000000010000100100
00000000000000000000010000100100
00000000000000000000010000100100
00000000000000000000010000100100
00000000000000000000010000100100
00000000000000000000010000100100
00000000000000000000010000100100
00000000000000000000010000100100
00000000000000000000010000100100
00000000000000000000010000100100
00000000000000000000010000100100
00000000000000000000010000100100
00000000000000000000010000100100
00000000000000000000010000100100
00000000000000000000010000100100
00000000000000000000010000100100
00000000000000000000010000100100
00000000000000000000010000100100
00000000000000000000010000100100
00000000000000000000010000100100
00000000000000000000010000100100
00000000000000000000010000100100
00000000000000000000010000100100
00000000000000000000010000100100
00000000000000000000010000100100
00000000000000000000010000100100
00000000000000000000010000100100
00000000000000000000010000100100
00000000000000000000010000100100
00000000000000000000010000100100
