-0.989295
0.000000
1.500000
0.500000
0.000000
0.989295
1.500000
0.500000
-0.951098
0.000000
1.500000
0.500000
0.000000
0.951098
1.500000
0.500000
-0.912901
0.000000
1.500000
0.500000
0.000000
0.912901
1.500000
0.500000
-0.874704
0.000000
1.500000
0.500000
0.000000
0.874704
1.500000
0.500000
-0.836506
0.000000
1.500000
0.500000
0.000000
0.836506
1.500000
0.500000
-0.798309
0.000000
1.500000
0.500000
0.000000
0.798309
1.500000
0.500000
-0.760112
0.000000
1.500000
0.500000
0.000000
0.760112
1.500000
0.500000
-0.721915
0.000000
1.500000
0.500000
0.000000
0.721915
1.500000
0.500000
-0.683718
0.000000
1.500000
0.500000
0.000000
0.683718
1.500000
0.500000
-0.682743
-0.037223
1.500000
0.500000
0.037223
0.682743
1.500000
0.500000
-0.681769
-0.074445
1.500000
0.500000
0.074445
0.681769
1.500000
0.500000
-0.680794
-0.111668
1.500000
0.500000
0.111668
0.680794
1.500000
0.500000
-0.679820
-0.148891
1.500000
0.500000
0.148891
0.679820
1.500000
0.500000
-0.678845
-0.186113
1.500000
0.500000
0.186113
0.678845
1.500000
0.500000
-0.677871
-0.223336
1.500000
0.500000
0.223336
0.677871
1.500000
0.500000
-0.676897
-0.260559
1.500000
0.500000
0.260559
0.676897
1.500000
0.500000
-0.675922
-0.297782
1.500000
0.500000
0.297782
0.675922
1.500000
0.500000
