10000000000000000000000000000000
00000000000000000000000000000000
00111111110000000000000000000000
10111111100000000000000000000000
00000000000000000000000000000000
00000000000000000000000000000000
00111100011011100010100010000000
00000000000000000000000000000001
10111110101011110000100000100101
00111110101011110000100000100101
00111111110000000000000000000000
10111111001101010000010011110011
10111111001101010000010011110011
00000000000000000000000000000000
00111101000001110111101101110000
00000000000000000000000000000001
10000000000000000000000000000000
00000000000000000000000000000000
00111111110000000000000000000000
10111111100000000000000000000000
00000000000000000000000000000000
00000000000000000000000000000000
00111100011011100010100010000000
00000000000000000000000000000001
