00100
00100
00100
00100
00000
00000
00100
01010
01010
01010
00000
00000
00000
00000
01010
01010
11111
01010
11111
01010
01010
00100
01111
10100
01110
00101
11110
00100
11000
11001
00010
00100
01000
10011
00011
01100
10010
10100
01000
10101
10010
01101
01100
00100
01000
00000
00000
00000
00000
00010
00100
01000
01000
01000
00100
00010
01000
00100
00010
00010
00010
00100
01000
00000
00100
10101
01110
10101
00100
00000
00000
00100
00100
11111
00100
00100
00000
00000
00000
00000
00000
01100
00100
01000
00000
00000
00000
11111
00000
00000
00000
00000
00000
00000
00000
00000
01100
01100
00000
00001
00010
00100
01000
10000
00000
00000
01100
01100
00000
01100
01100
00000
00000
01100
01100
00000
01100
00100
01000
00010
00100
01000
10000
01000
00100
00010
00000
00000
11111
00000
11111
00000
00000
01000
00100
00010
00001
00010
00100
01000
01110
10001
00001
00010
00100
00000
00100
00010
00100
00100
01000
00100
00100
00010
00100
00100
00100
00100
00100
00100
00100
01000
00100
00100
00010
00100
00100
01000
00000
00100
00010
11111
00010
00100
00000
00000
00100
01000
11111
01000
00100
00000
