+--------------------------------------------------------------------------------------------------------------------------------------------------------------------------------------------------------------------------------+
; Legal Partition Candidates                                                                                                                                                                                                     ;
+---------------------------+-------+----------------+--------------+----------------+--------+-----------------+---------------+-----------------+-------+----------------+--------------+------------------+-------------------+
; Hierarchy                 ; Input ; Constant Input ; Unused Input ; Floating Input ; Output ; Constant Output ; Unused Output ; Floating Output ; Bidir ; Constant Bidir ; Unused Bidir ; Input only Bidir ; Output only Bidir ;
+---------------------------+-------+----------------+--------------+----------------+--------+-----------------+---------------+-----------------+-------+----------------+--------------+------------------+-------------------+
; add_minDist_radius        ; 69    ; 2              ; 0            ; 2              ; 35     ; 2               ; 2             ; 2               ; 0     ; 0              ; 0            ; 0                ; 0                 ;
; calc_nz|adder|add2        ; 69    ; 5              ; 0            ; 5              ; 35     ; 5               ; 5             ; 5               ; 0     ; 0              ; 0            ; 0                ; 0                 ;
; calc_nz|adder|add1        ; 69    ; 2              ; 0            ; 2              ; 35     ; 2               ; 2             ; 2               ; 0     ; 0              ; 0            ; 0                ; 0                 ;
; calc_nz|adder             ; 98    ; 0              ; 0            ; 0              ; 33     ; 0               ; 0             ; 0               ; 0     ; 0              ; 0            ; 0                ; 0                 ;
; calc_nz|mult3             ; 69    ; 2              ; 0            ; 2              ; 35     ; 2               ; 2             ; 2               ; 0     ; 0              ; 0            ; 0                ; 0                 ;
; calc_nz|mult2             ; 69    ; 2              ; 0            ; 2              ; 35     ; 2               ; 2             ; 2               ; 0     ; 0              ; 0            ; 0                ; 0                 ;
; calc_nz|mult1             ; 69    ; 2              ; 0            ; 2              ; 35     ; 2               ; 2             ; 2               ; 0     ; 0              ; 0            ; 0                ; 0                 ;
; calc_nz                   ; 194   ; 0              ; 0            ; 0              ; 33     ; 0               ; 0             ; 0               ; 0     ; 0              ; 0            ; 0                ; 0                 ;
; calc_ny|adder|add2        ; 69    ; 5              ; 0            ; 5              ; 35     ; 5               ; 5             ; 5               ; 0     ; 0              ; 0            ; 0                ; 0                 ;
; calc_ny|adder|add1        ; 69    ; 2              ; 0            ; 2              ; 35     ; 2               ; 2             ; 2               ; 0     ; 0              ; 0            ; 0                ; 0                 ;
; calc_ny|adder             ; 98    ; 0              ; 0            ; 0              ; 33     ; 0               ; 0             ; 0               ; 0     ; 0              ; 0            ; 0                ; 0                 ;
; calc_ny|mult3             ; 69    ; 2              ; 0            ; 2              ; 35     ; 2               ; 2             ; 2               ; 0     ; 0              ; 0            ; 0                ; 0                 ;
; calc_ny|mult2             ; 69    ; 2              ; 0            ; 2              ; 35     ; 2               ; 2             ; 2               ; 0     ; 0              ; 0            ; 0                ; 0                 ;
; calc_ny|mult1             ; 69    ; 2              ; 0            ; 2              ; 35     ; 2               ; 2             ; 2               ; 0     ; 0              ; 0            ; 0                ; 0                 ;
; calc_ny                   ; 194   ; 0              ; 0            ; 0              ; 33     ; 0               ; 0             ; 0               ; 0     ; 0              ; 0            ; 0                ; 0                 ;
; calc_nx|adder|add2        ; 69    ; 5              ; 0            ; 5              ; 35     ; 5               ; 5             ; 5               ; 0     ; 0              ; 0            ; 0                ; 0                 ;
; calc_nx|adder|add1        ; 69    ; 2              ; 0            ; 2              ; 35     ; 2               ; 2             ; 2               ; 0     ; 0              ; 0            ; 0                ; 0                 ;
; calc_nx|adder             ; 98    ; 0              ; 0            ; 0              ; 33     ; 0               ; 0             ; 0               ; 0     ; 0              ; 0            ; 0                ; 0                 ;
; calc_nx|mult3             ; 69    ; 2              ; 0            ; 2              ; 35     ; 2               ; 2             ; 2               ; 0     ; 0              ; 0            ; 0                ; 0                 ;
; calc_nx|mult2             ; 69    ; 2              ; 0            ; 2              ; 35     ; 2               ; 2             ; 2               ; 0     ; 0              ; 0            ; 0                ; 0                 ;
; calc_nx|mult1             ; 69    ; 2              ; 0            ; 2              ; 35     ; 2               ; 2             ; 2               ; 0     ; 0              ; 0            ; 0                ; 0                 ;
; calc_nx                   ; 194   ; 0              ; 0            ; 0              ; 33     ; 0               ; 0             ; 0               ; 0     ; 0              ; 0            ; 0                ; 0                 ;
; lessThanDist12            ; 69    ; 2              ; 1            ; 2              ; 4      ; 2               ; 2             ; 2               ; 0     ; 0              ; 0            ; 0                ; 0                 ;
; lessThanDist02            ; 69    ; 2              ; 1            ; 2              ; 4      ; 2               ; 2             ; 2               ; 0     ; 0              ; 0            ; 0                ; 0                 ;
; lessThanDist01            ; 69    ; 2              ; 1            ; 2              ; 4      ; 2               ; 2             ; 2               ; 0     ; 0              ; 0            ; 0                ; 0                 ;
; add_l2_abs_t2             ; 69    ; 2              ; 0            ; 2              ; 35     ; 2               ; 2             ; 2               ; 0     ; 0              ; 0            ; 0                ; 0                 ;
; add_l1_abs_t1             ; 69    ; 2              ; 0            ; 2              ; 35     ; 2               ; 2             ; 2               ; 0     ; 0              ; 0            ; 0                ; 0                 ;
; add_l0_abs_t0             ; 69    ; 2              ; 0            ; 2              ; 35     ; 2               ; 2             ; 2               ; 0     ; 0              ; 0            ; 0                ; 0                 ;
; add_q2_z2                 ; 69    ; 2              ; 0            ; 2              ; 35     ; 2               ; 2             ; 2               ; 0     ; 0              ; 0            ; 0                ; 0                 ;
; add_q1_y2                 ; 69    ; 2              ; 0            ; 2              ; 35     ; 2               ; 2             ; 2               ; 0     ; 0              ; 0            ; 0                ; 0                 ;
; add_q0_x2                 ; 69    ; 2              ; 0            ; 2              ; 35     ; 2               ; 2             ; 2               ; 0     ; 0              ; 0            ; 0                ; 0                 ;
; add_radius_rCalc_sqrt_neg ; 69    ; 2              ; 0            ; 2              ; 35     ; 2               ; 2             ; 2               ; 0     ; 0              ; 0            ; 0                ; 0                 ;
; sqrt0|divide_n_by_y       ; 69    ; 5              ; 0            ; 5              ; 35     ; 5               ; 5             ; 5               ; 0     ; 0              ; 0            ; 0                ; 0                 ;
; sqrt0|divide_by_two2      ; 69    ; 37             ; 0            ; 37             ; 35     ; 37              ; 37            ; 37              ; 0     ; 0              ; 0            ; 0                ; 0                 ;
; sqrt0|add_x_plus_y2       ; 69    ; 5              ; 0            ; 5              ; 35     ; 5               ; 5             ; 5               ; 0     ; 0              ; 0            ; 0                ; 0                 ;
; sqrt0|add_greater_e2      ; 69    ; 68             ; 0            ; 68             ; 35     ; 68              ; 68            ; 68              ; 0     ; 0              ; 0            ; 0                ; 0                 ;
; sqrt0|add_y_minus_x       ; 69    ; 6              ; 0            ; 6              ; 35     ; 6               ; 6             ; 6               ; 0     ; 0              ; 0            ; 0                ; 0                 ;
; sqrt0|divide_n_by_x       ; 69    ; 5              ; 0            ; 5              ; 35     ; 5               ; 5             ; 5               ; 0     ; 0              ; 0            ; 0                ; 0                 ;
; sqrt0|divide_by_two1      ; 69    ; 37             ; 0            ; 37             ; 35     ; 37              ; 37            ; 37              ; 0     ; 0              ; 0            ; 0                ; 0                 ;
; sqrt0|add_x_plus_y1       ; 69    ; 5              ; 0            ; 5              ; 35     ; 5               ; 5             ; 5               ; 0     ; 0              ; 0            ; 0                ; 0                 ;
; sqrt0|add_greater_e1      ; 69    ; 68             ; 0            ; 68             ; 35     ; 68              ; 68            ; 68              ; 0     ; 0              ; 0            ; 0                ; 0                 ;
; sqrt0|add_x_minus_y       ; 69    ; 5              ; 0            ; 5              ; 35     ; 5               ; 5             ; 5               ; 0     ; 0              ; 0            ; 0                ; 0                 ;
; sqrt0|add_greater_1       ; 69    ; 2              ; 0            ; 2              ; 35     ; 2               ; 2             ; 2               ; 0     ; 0              ; 0            ; 0                ; 0                 ;
; sqrt0                     ; 34    ; 0              ; 0            ; 0              ; 34     ; 0               ; 0             ; 0               ; 0     ; 0              ; 0            ; 0                ; 0                 ;
; calc_r_r|adder|add2       ; 69    ; 5              ; 0            ; 5              ; 35     ; 5               ; 5             ; 5               ; 0     ; 0              ; 0            ; 0                ; 0                 ;
; calc_r_r|adder|add1       ; 69    ; 2              ; 0            ; 2              ; 35     ; 2               ; 2             ; 2               ; 0     ; 0              ; 0            ; 0                ; 0                 ;
; calc_r_r|adder            ; 98    ; 0              ; 0            ; 0              ; 33     ; 0               ; 0             ; 0               ; 0     ; 0              ; 0            ; 0                ; 0                 ;
; calc_r_r|mult3            ; 69    ; 2              ; 0            ; 2              ; 35     ; 2               ; 2             ; 2               ; 0     ; 0              ; 0            ; 0                ; 0                 ;
; calc_r_r|mult2            ; 69    ; 2              ; 0            ; 2              ; 35     ; 2               ; 2             ; 2               ; 0     ; 0              ; 0            ; 0                ; 0                 ;
; calc_r_r|mult1            ; 69    ; 2              ; 0            ; 2              ; 35     ; 2               ; 2             ; 2               ; 0     ; 0              ; 0            ; 0                ; 0                 ;
; calc_r_r                  ; 194   ; 0              ; 0            ; 0              ; 33     ; 0               ; 0             ; 0               ; 0     ; 0              ; 0            ; 0                ; 0                 ;
; add_p2_q2_neg             ; 69    ; 2              ; 0            ; 2              ; 35     ; 2               ; 2             ; 2               ; 0     ; 0              ; 0            ; 0                ; 0                 ;
; add_p1_q1_neg             ; 69    ; 2              ; 0            ; 2              ; 35     ; 2               ; 2             ; 2               ; 0     ; 0              ; 0            ; 0                ; 0                 ;
; add_p0_q0_neg             ; 69    ; 2              ; 0            ; 2              ; 35     ; 2               ; 2             ; 2               ; 0     ; 0              ; 0            ; 0                ; 0                 ;
; calc_q2|adder|add2        ; 69    ; 5              ; 0            ; 5              ; 35     ; 5               ; 5             ; 5               ; 0     ; 0              ; 0            ; 0                ; 0                 ;
; calc_q2|adder|add1        ; 69    ; 2              ; 0            ; 2              ; 35     ; 2               ; 2             ; 2               ; 0     ; 0              ; 0            ; 0                ; 0                 ;
; calc_q2|adder             ; 98    ; 0              ; 0            ; 0              ; 33     ; 0               ; 0             ; 0               ; 0     ; 0              ; 0            ; 0                ; 0                 ;
; calc_q2|mult3             ; 69    ; 2              ; 0            ; 2              ; 35     ; 2               ; 2             ; 2               ; 0     ; 0              ; 0            ; 0                ; 0                 ;
; calc_q2|mult2             ; 69    ; 2              ; 0            ; 2              ; 35     ; 2               ; 2             ; 2               ; 0     ; 0              ; 0            ; 0                ; 0                 ;
; calc_q2|mult1             ; 69    ; 2              ; 0            ; 2              ; 35     ; 2               ; 2             ; 2               ; 0     ; 0              ; 0            ; 0                ; 0                 ;
; calc_q2                   ; 194   ; 0              ; 0            ; 0              ; 33     ; 0               ; 0             ; 0               ; 0     ; 0              ; 0            ; 0                ; 0                 ;
; calc_q1|adder|add2        ; 69    ; 5              ; 0            ; 5              ; 35     ; 5               ; 5             ; 5               ; 0     ; 0              ; 0            ; 0                ; 0                 ;
; calc_q1|adder|add1        ; 69    ; 2              ; 0            ; 2              ; 35     ; 2               ; 2             ; 2               ; 0     ; 0              ; 0            ; 0                ; 0                 ;
; calc_q1|adder             ; 98    ; 0              ; 0            ; 0              ; 33     ; 0               ; 0             ; 0               ; 0     ; 0              ; 0            ; 0                ; 0                 ;
; calc_q1|mult3             ; 69    ; 2              ; 0            ; 2              ; 35     ; 2               ; 2             ; 2               ; 0     ; 0              ; 0            ; 0                ; 0                 ;
; calc_q1|mult2             ; 69    ; 2              ; 0            ; 2              ; 35     ; 2               ; 2             ; 2               ; 0     ; 0              ; 0            ; 0                ; 0                 ;
; calc_q1|mult1             ; 69    ; 2              ; 0            ; 2              ; 35     ; 2               ; 2             ; 2               ; 0     ; 0              ; 0            ; 0                ; 0                 ;
; calc_q1                   ; 194   ; 0              ; 0            ; 0              ; 33     ; 0               ; 0             ; 0               ; 0     ; 0              ; 0            ; 0                ; 0                 ;
; calc_q0|adder|add2        ; 69    ; 5              ; 0            ; 5              ; 35     ; 5               ; 5             ; 5               ; 0     ; 0              ; 0            ; 0                ; 0                 ;
; calc_q0|adder|add1        ; 69    ; 2              ; 0            ; 2              ; 35     ; 2               ; 2             ; 2               ; 0     ; 0              ; 0            ; 0                ; 0                 ;
; calc_q0|adder             ; 98    ; 0              ; 0            ; 0              ; 33     ; 0               ; 0             ; 0               ; 0     ; 0              ; 0            ; 0                ; 0                 ;
; calc_q0|mult3             ; 69    ; 2              ; 0            ; 2              ; 35     ; 2               ; 2             ; 2               ; 0     ; 0              ; 0            ; 0                ; 0                 ;
; calc_q0|mult2             ; 69    ; 2              ; 0            ; 2              ; 35     ; 2               ; 2             ; 2               ; 0     ; 0              ; 0            ; 0                ; 0                 ;
; calc_q0|mult1             ; 69    ; 2              ; 0            ; 2              ; 35     ; 2               ; 2             ; 2               ; 0     ; 0              ; 0            ; 0                ; 0                 ;
; calc_q0                   ; 194   ; 0              ; 0            ; 0              ; 33     ; 0               ; 0             ; 0               ; 0     ; 0              ; 0            ; 0                ; 0                 ;
; b21                       ; 69    ; 2              ; 1            ; 2              ; 4      ; 2               ; 2             ; 2               ; 0     ; 0              ; 0            ; 0                ; 0                 ;
; b20                       ; 69    ; 2              ; 1            ; 2              ; 4      ; 2               ; 2             ; 2               ; 0     ; 0              ; 0            ; 0                ; 0                 ;
; b11                       ; 69    ; 2              ; 1            ; 2              ; 4      ; 2               ; 2             ; 2               ; 0     ; 0              ; 0            ; 0                ; 0                 ;
; b10                       ; 69    ; 2              ; 1            ; 2              ; 4      ; 2               ; 2             ; 2               ; 0     ; 0              ; 0            ; 0                ; 0                 ;
; b01                       ; 69    ; 2              ; 1            ; 2              ; 4      ; 2               ; 2             ; 2               ; 0     ; 0              ; 0            ; 0                ; 0                 ;
; b00                       ; 69    ; 2              ; 1            ; 2              ; 4      ; 2               ; 2             ; 2               ; 0     ; 0              ; 0            ; 0                ; 0                 ;
; calc_t2_test|adder|add2   ; 69    ; 5              ; 0            ; 5              ; 35     ; 5               ; 5             ; 5               ; 0     ; 0              ; 0            ; 0                ; 0                 ;
; calc_t2_test|adder|add1   ; 69    ; 2              ; 0            ; 2              ; 35     ; 2               ; 2             ; 2               ; 0     ; 0              ; 0            ; 0                ; 0                 ;
; calc_t2_test|adder        ; 98    ; 0              ; 0            ; 0              ; 33     ; 0               ; 0             ; 0               ; 0     ; 0              ; 0            ; 0                ; 0                 ;
; calc_t2_test|mult3        ; 69    ; 2              ; 0            ; 2              ; 35     ; 2               ; 2             ; 2               ; 0     ; 0              ; 0            ; 0                ; 0                 ;
; calc_t2_test|mult2        ; 69    ; 2              ; 0            ; 2              ; 35     ; 2               ; 2             ; 2               ; 0     ; 0              ; 0            ; 0                ; 0                 ;
; calc_t2_test|mult1        ; 69    ; 2              ; 0            ; 2              ; 35     ; 2               ; 2             ; 2               ; 0     ; 0              ; 0            ; 0                ; 0                 ;
; calc_t2_test              ; 194   ; 0              ; 0            ; 0              ; 33     ; 0               ; 0             ; 0               ; 0     ; 0              ; 0            ; 0                ; 0                 ;
; calc_t1_test|adder|add2   ; 69    ; 5              ; 0            ; 5              ; 35     ; 5               ; 5             ; 5               ; 0     ; 0              ; 0            ; 0                ; 0                 ;
; calc_t1_test|adder|add1   ; 69    ; 2              ; 0            ; 2              ; 35     ; 2               ; 2             ; 2               ; 0     ; 0              ; 0            ; 0                ; 0                 ;
; calc_t1_test|adder        ; 98    ; 0              ; 0            ; 0              ; 33     ; 0               ; 0             ; 0               ; 0     ; 0              ; 0            ; 0                ; 0                 ;
; calc_t1_test|mult3        ; 69    ; 2              ; 0            ; 2              ; 35     ; 2               ; 2             ; 2               ; 0     ; 0              ; 0            ; 0                ; 0                 ;
; calc_t1_test|mult2        ; 69    ; 2              ; 0            ; 2              ; 35     ; 2               ; 2             ; 2               ; 0     ; 0              ; 0            ; 0                ; 0                 ;
; calc_t1_test|mult1        ; 69    ; 2              ; 0            ; 2              ; 35     ; 2               ; 2             ; 2               ; 0     ; 0              ; 0            ; 0                ; 0                 ;
; calc_t1_test              ; 194   ; 0              ; 0            ; 0              ; 33     ; 0               ; 0             ; 0               ; 0     ; 0              ; 0            ; 0                ; 0                 ;
; calc_t0_test|adder|add2   ; 69    ; 5              ; 0            ; 5              ; 35     ; 5               ; 5             ; 5               ; 0     ; 0              ; 0            ; 0                ; 0                 ;
; calc_t0_test|adder|add1   ; 69    ; 2              ; 0            ; 2              ; 35     ; 2               ; 2             ; 2               ; 0     ; 0              ; 0            ; 0                ; 0                 ;
; calc_t0_test|adder        ; 98    ; 0              ; 0            ; 0              ; 33     ; 0               ; 0             ; 0               ; 0     ; 0              ; 0            ; 0                ; 0                 ;
; calc_t0_test|mult3        ; 69    ; 2              ; 0            ; 2              ; 35     ; 2               ; 2             ; 2               ; 0     ; 0              ; 0            ; 0                ; 0                 ;
; calc_t0_test|mult2        ; 69    ; 2              ; 0            ; 2              ; 35     ; 2               ; 2             ; 2               ; 0     ; 0              ; 0            ; 0                ; 0                 ;
; calc_t0_test|mult1        ; 69    ; 2              ; 0            ; 2              ; 35     ; 2               ; 2             ; 2               ; 0     ; 0              ; 0            ; 0                ; 0                 ;
; calc_t0_test              ; 194   ; 0              ; 0            ; 0              ; 33     ; 0               ; 0             ; 0               ; 0     ; 0              ; 0            ; 0                ; 0                 ;
; divide_side2_half         ; 69    ; 66             ; 0            ; 66             ; 35     ; 66              ; 66            ; 66              ; 0     ; 0              ; 0            ; 0                ; 0                 ;
; divide_side1_half         ; 69    ; 66             ; 0            ; 66             ; 35     ; 66              ; 66            ; 66              ; 0     ; 0              ; 0            ; 0                ; 0                 ;
; divide_side0_two          ; 69    ; 66             ; 0            ; 66             ; 35     ; 66              ; 66            ; 66              ; 0     ; 0              ; 0            ; 0                ; 0                 ;
; add_z1_z2                 ; 69    ; 2              ; 0            ; 2              ; 35     ; 2               ; 2             ; 2               ; 0     ; 0              ; 0            ; 0                ; 0                 ;
; add_y1_y2                 ; 69    ; 2              ; 0            ; 2              ; 35     ; 2               ; 2             ; 2               ; 0     ; 0              ; 0            ; 0                ; 0                 ;
; add_x1_x2                 ; 69    ; 2              ; 0            ; 2              ; 35     ; 2               ; 2             ; 2               ; 0     ; 0              ; 0            ; 0                ; 0                 ;
+---------------------------+-------+----------------+--------------+----------------+--------+-----------------+---------------+-----------------+-------+----------------+--------------+------------------+-------------------+
