10000000000000000000000000000000
00000000000000000000000000000000
00111111110000000000000000000000
10111111100000000000000000000000
00000000000000000000000000000000
00000000000000000000000000000000
00111100011011100010100010000000
00000000000000000000000000000001
00000000000000000000000000000001
00000000000000000000011000000000
00000000000000000000000000000000
00000000000000000000000000000000
00000000000000000000000000000000
00000000000000000000000000000000
00000000000000000000000000000000
00000000000000000000000000000000
00000000000000000000000000000000
00000000000000000000000000000000
00000000000000000000000000000001
00000000000000000000010001101110
