+------------------------------------------------------------------------------------------------------------------------------------------------------------------------------------------------------------------------------------------------------------+
; Legal Partition Candidates                                                                                                                                                                                                                                 ;
+-------------------------------------------------------+-------+----------------+--------------+----------------+--------+-----------------+---------------+-----------------+-------+----------------+--------------+------------------+-------------------+
; Hierarchy                                             ; Input ; Constant Input ; Unused Input ; Floating Input ; Output ; Constant Output ; Unused Output ; Floating Output ; Bidir ; Constant Bidir ; Unused Bidir ; Input only Bidir ; Output only Bidir ;
+-------------------------------------------------------+-------+----------------+--------------+----------------+--------+-----------------+---------------+-----------------+-------+----------------+--------------+------------------+-------------------+
; test0|add_z1_nzk                                      ; 69    ; 2              ; 0            ; 2              ; 35     ; 2               ; 2             ; 2               ; 0     ; 0              ; 0            ; 0                ; 0                 ;
; test0|add_y1_nyk                                      ; 69    ; 2              ; 0            ; 2              ; 35     ; 2               ; 2             ; 2               ; 0     ; 0              ; 0            ; 0                ; 0                 ;
; test0|add_x1_nxk                                      ; 69    ; 2              ; 0            ; 2              ; 35     ; 2               ; 2             ; 2               ; 0     ; 0              ; 0            ; 0                ; 0                 ;
; test0|multiply_nz_k                                   ; 69    ; 2              ; 0            ; 2              ; 35     ; 2               ; 2             ; 2               ; 0     ; 0              ; 0            ; 0                ; 0                 ;
; test0|multiply_ny_k                                   ; 69    ; 2              ; 0            ; 2              ; 35     ; 2               ; 2             ; 2               ; 0     ; 0              ; 0            ; 0                ; 0                 ;
; test0|multiply_nx_k                                   ; 69    ; 2              ; 0            ; 2              ; 35     ; 2               ; 2             ; 2               ; 0     ; 0              ; 0            ; 0                ; 0                 ;
; test0|divide_drsum_2                                  ; 69    ; 34             ; 0            ; 34             ; 35     ; 34              ; 34            ; 34              ; 0     ; 0              ; 0            ; 0                ; 0                 ;
; test0|multiply_zsum_dRecip                            ; 69    ; 2              ; 0            ; 2              ; 35     ; 2               ; 2             ; 2               ; 0     ; 0              ; 0            ; 0                ; 0                 ;
; test0|multiply_ysum_dRecip                            ; 69    ; 2              ; 0            ; 2              ; 35     ; 2               ; 2             ; 2               ; 0     ; 0              ; 0            ; 0                ; 0                 ;
; test0|multiply_xsum_dRecip                            ; 69    ; 2              ; 0            ; 2              ; 35     ; 2               ; 2             ; 2               ; 0     ; 0              ; 0            ; 0                ; 0                 ;
; test0|add_rsum_dneg                                   ; 69    ; 2              ; 0            ; 2              ; 35     ; 2               ; 2             ; 2               ; 0     ; 0              ; 0            ; 0                ; 0                 ;
; test0|add_radius_sum_dneg                             ; 69    ; 2              ; 0            ; 2              ; 35     ; 2               ; 2             ; 2               ; 0     ; 0              ; 0            ; 0                ; 0                 ;
; test0|addDiff                                         ; 69    ; 2              ; 0            ; 2              ; 35     ; 2               ; 2             ; 2               ; 0     ; 0              ; 0            ; 0                ; 0                 ;
; test0|divide_1_d                                      ; 69    ; 36             ; 0            ; 36             ; 35     ; 36              ; 36            ; 36              ; 0     ; 0              ; 0            ; 0                ; 0                 ;
; test0|add_z1_z2neg                                    ; 69    ; 2              ; 0            ; 2              ; 35     ; 2               ; 2             ; 2               ; 0     ; 0              ; 0            ; 0                ; 0                 ;
; test0|add_y1_y2neg                                    ; 69    ; 2              ; 0            ; 2              ; 35     ; 2               ; 2             ; 2               ; 0     ; 0              ; 0            ; 0                ; 0                 ;
; test0|add_x1_x2neg                                    ; 69    ; 2              ; 0            ; 2              ; 35     ; 2               ; 2             ; 2               ; 0     ; 0              ; 0            ; 0                ; 0                 ;
; test0|add_r2_r1neg                                    ; 69    ; 2              ; 0            ; 2              ; 35     ; 2               ; 2             ; 2               ; 0     ; 0              ; 0            ; 0                ; 0                 ;
; test0|add0                                            ; 69    ; 2              ; 0            ; 2              ; 35     ; 2               ; 2             ; 2               ; 0     ; 0              ; 0            ; 0                ; 0                 ;
; test0|dCalcPointsDist0|calcLen|square1|divide_n_by_y  ; 69    ; 5              ; 0            ; 5              ; 35     ; 5               ; 5             ; 5               ; 0     ; 0              ; 0            ; 0                ; 0                 ;
; test0|dCalcPointsDist0|calcLen|square1|divide_by_two2 ; 69    ; 37             ; 0            ; 37             ; 35     ; 37              ; 37            ; 37              ; 0     ; 0              ; 0            ; 0                ; 0                 ;
; test0|dCalcPointsDist0|calcLen|square1|add_x_plus_y2  ; 69    ; 5              ; 0            ; 5              ; 35     ; 5               ; 5             ; 5               ; 0     ; 0              ; 0            ; 0                ; 0                 ;
; test0|dCalcPointsDist0|calcLen|square1|add_greater_e2 ; 69    ; 68             ; 0            ; 68             ; 35     ; 68              ; 68            ; 68              ; 0     ; 0              ; 0            ; 0                ; 0                 ;
; test0|dCalcPointsDist0|calcLen|square1|add_y_minus_x  ; 69    ; 6              ; 0            ; 6              ; 35     ; 6               ; 6             ; 6               ; 0     ; 0              ; 0            ; 0                ; 0                 ;
; test0|dCalcPointsDist0|calcLen|square1|divide_n_by_x  ; 69    ; 5              ; 0            ; 5              ; 35     ; 5               ; 5             ; 5               ; 0     ; 0              ; 0            ; 0                ; 0                 ;
; test0|dCalcPointsDist0|calcLen|square1|divide_by_two1 ; 69    ; 37             ; 0            ; 37             ; 35     ; 37              ; 37            ; 37              ; 0     ; 0              ; 0            ; 0                ; 0                 ;
; test0|dCalcPointsDist0|calcLen|square1|add_x_plus_y1  ; 69    ; 5              ; 0            ; 5              ; 35     ; 5               ; 5             ; 5               ; 0     ; 0              ; 0            ; 0                ; 0                 ;
; test0|dCalcPointsDist0|calcLen|square1|add_greater_e1 ; 69    ; 68             ; 0            ; 68             ; 35     ; 68              ; 68            ; 68              ; 0     ; 0              ; 0            ; 0                ; 0                 ;
; test0|dCalcPointsDist0|calcLen|square1|add_greater_1  ; 69    ; 5              ; 0            ; 5              ; 35     ; 5               ; 5             ; 5               ; 0     ; 0              ; 0            ; 0                ; 0                 ;
; test0|dCalcPointsDist0|calcLen|square1                ; 34    ; 1              ; 0            ; 1              ; 34     ; 1               ; 1             ; 1               ; 0     ; 0              ; 0            ; 0                ; 0                 ;
; test0|dCalcPointsDist0|calcLen|adder|add2             ; 69    ; 5              ; 0            ; 5              ; 35     ; 5               ; 5             ; 5               ; 0     ; 0              ; 0            ; 0                ; 0                 ;
; test0|dCalcPointsDist0|calcLen|adder|add1             ; 69    ; 2              ; 0            ; 2              ; 35     ; 2               ; 2             ; 2               ; 0     ; 0              ; 0            ; 0                ; 0                 ;
; test0|dCalcPointsDist0|calcLen|adder                  ; 98    ; 0              ; 0            ; 0              ; 33     ; 0               ; 0             ; 0               ; 0     ; 0              ; 0            ; 0                ; 0                 ;
; test0|dCalcPointsDist0|calcLen|mult3                  ; 69    ; 2              ; 0            ; 2              ; 35     ; 2               ; 2             ; 2               ; 0     ; 0              ; 0            ; 0                ; 0                 ;
; test0|dCalcPointsDist0|calcLen|mult2                  ; 69    ; 2              ; 0            ; 2              ; 35     ; 2               ; 2             ; 2               ; 0     ; 0              ; 0            ; 0                ; 0                 ;
; test0|dCalcPointsDist0|calcLen|mult1                  ; 69    ; 2              ; 0            ; 2              ; 35     ; 2               ; 2             ; 2               ; 0     ; 0              ; 0            ; 0                ; 0                 ;
; test0|dCalcPointsDist0|calcLen                        ; 194   ; 0              ; 0            ; 0              ; 33     ; 0               ; 0             ; 0               ; 0     ; 0              ; 0            ; 0                ; 0                 ;
; test0|dCalcPointsDist0|add3                           ; 69    ; 2              ; 0            ; 2              ; 35     ; 2               ; 2             ; 2               ; 0     ; 0              ; 0            ; 0                ; 0                 ;
; test0|dCalcPointsDist0|add2                           ; 69    ; 2              ; 0            ; 2              ; 35     ; 2               ; 2             ; 2               ; 0     ; 0              ; 0            ; 0                ; 0                 ;
; test0|dCalcPointsDist0|add1                           ; 69    ; 2              ; 0            ; 2              ; 35     ; 2               ; 2             ; 2               ; 0     ; 0              ; 0            ; 0                ; 0                 ;
; test0|dCalcPointsDist0                                ; 194   ; 0              ; 0            ; 0              ; 33     ; 0               ; 0             ; 0               ; 0     ; 0              ; 0            ; 0                ; 0                 ;
; test0                                                 ; 322   ; 64             ; 0            ; 64             ; 386    ; 64              ; 64            ; 64              ; 0     ; 0              ; 0            ; 0                ; 0                 ;
; jtag23|myjtag_inst                                    ; 1     ; 0              ; 0            ; 0              ; 13     ; 0               ; 0             ; 0               ; 0     ; 0              ; 0            ; 0                ; 0                 ;
; jtag23                                                ; 32    ; 0              ; 0            ; 0              ; 0      ; 0               ; 0             ; 0               ; 0     ; 0              ; 0            ; 0                ; 0                 ;
; jtag22|myjtag_inst                                    ; 1     ; 0              ; 0            ; 0              ; 13     ; 0               ; 0             ; 0               ; 0     ; 0              ; 0            ; 0                ; 0                 ;
; jtag22                                                ; 32    ; 0              ; 0            ; 0              ; 0      ; 0               ; 0             ; 0               ; 0     ; 0              ; 0            ; 0                ; 0                 ;
; jtag21|myjtag_inst                                    ; 1     ; 0              ; 0            ; 0              ; 13     ; 0               ; 0             ; 0               ; 0     ; 0              ; 0            ; 0                ; 0                 ;
; jtag21                                                ; 32    ; 0              ; 0            ; 0              ; 0      ; 0               ; 0             ; 0               ; 0     ; 0              ; 0            ; 0                ; 0                 ;
; jtag20|myjtag_inst                                    ; 1     ; 0              ; 0            ; 0              ; 13     ; 0               ; 0             ; 0               ; 0     ; 0              ; 0            ; 0                ; 0                 ;
; jtag20                                                ; 32    ; 0              ; 0            ; 0              ; 0      ; 0               ; 0             ; 0               ; 0     ; 0              ; 0            ; 0                ; 0                 ;
; jtag19|myjtag_inst                                    ; 1     ; 0              ; 0            ; 0              ; 13     ; 0               ; 0             ; 0               ; 0     ; 0              ; 0            ; 0                ; 0                 ;
; jtag19                                                ; 32    ; 0              ; 0            ; 0              ; 0      ; 0               ; 0             ; 0               ; 0     ; 0              ; 0            ; 0                ; 0                 ;
; jtag18|myjtag_inst                                    ; 1     ; 0              ; 0            ; 0              ; 13     ; 0               ; 0             ; 0               ; 0     ; 0              ; 0            ; 0                ; 0                 ;
; jtag18                                                ; 32    ; 0              ; 0            ; 0              ; 0      ; 0               ; 0             ; 0               ; 0     ; 0              ; 0            ; 0                ; 0                 ;
; jtag17|myjtag_inst                                    ; 1     ; 0              ; 0            ; 0              ; 13     ; 0               ; 0             ; 0               ; 0     ; 0              ; 0            ; 0                ; 0                 ;
; jtag17                                                ; 32    ; 0              ; 0            ; 0              ; 0      ; 0               ; 0             ; 0               ; 0     ; 0              ; 0            ; 0                ; 0                 ;
; jtag16|myjtag_inst                                    ; 1     ; 0              ; 0            ; 0              ; 13     ; 0               ; 0             ; 0               ; 0     ; 0              ; 0            ; 0                ; 0                 ;
; jtag16                                                ; 32    ; 0              ; 0            ; 0              ; 0      ; 0               ; 0             ; 0               ; 0     ; 0              ; 0            ; 0                ; 0                 ;
; jtag15|myjtag_inst                                    ; 1     ; 0              ; 0            ; 0              ; 13     ; 0               ; 0             ; 0               ; 0     ; 0              ; 0            ; 0                ; 0                 ;
; jtag15                                                ; 32    ; 0              ; 0            ; 0              ; 0      ; 0               ; 0             ; 0               ; 0     ; 0              ; 0            ; 0                ; 0                 ;
; jtag14|myjtag_inst                                    ; 1     ; 0              ; 0            ; 0              ; 13     ; 0               ; 0             ; 0               ; 0     ; 0              ; 0            ; 0                ; 0                 ;
; jtag14                                                ; 32    ; 0              ; 0            ; 0              ; 0      ; 0               ; 0             ; 0               ; 0     ; 0              ; 0            ; 0                ; 0                 ;
; jtag13|myjtag_inst                                    ; 1     ; 0              ; 0            ; 0              ; 13     ; 0               ; 0             ; 0               ; 0     ; 0              ; 0            ; 0                ; 0                 ;
; jtag13                                                ; 32    ; 0              ; 0            ; 0              ; 0      ; 0               ; 0             ; 0               ; 0     ; 0              ; 0            ; 0                ; 0                 ;
; jtag12|myjtag_inst                                    ; 1     ; 0              ; 0            ; 0              ; 13     ; 0               ; 0             ; 0               ; 0     ; 0              ; 0            ; 0                ; 0                 ;
; jtag12                                                ; 32    ; 0              ; 0            ; 0              ; 0      ; 0               ; 0             ; 0               ; 0     ; 0              ; 0            ; 0                ; 0                 ;
; jtag11|myjtag_inst                                    ; 1     ; 0              ; 0            ; 0              ; 13     ; 0               ; 0             ; 0               ; 0     ; 0              ; 0            ; 0                ; 0                 ;
; jtag11                                                ; 32    ; 0              ; 0            ; 0              ; 0      ; 0               ; 0             ; 0               ; 0     ; 0              ; 0            ; 0                ; 0                 ;
; jtag10|myjtag_inst                                    ; 1     ; 0              ; 0            ; 0              ; 13     ; 0               ; 0             ; 0               ; 0     ; 0              ; 0            ; 0                ; 0                 ;
; jtag10                                                ; 32    ; 0              ; 0            ; 0              ; 0      ; 0               ; 0             ; 0               ; 0     ; 0              ; 0            ; 0                ; 0                 ;
; jtag9|myjtag_inst                                     ; 1     ; 0              ; 0            ; 0              ; 13     ; 0               ; 0             ; 0               ; 0     ; 0              ; 0            ; 0                ; 0                 ;
; jtag9                                                 ; 32    ; 0              ; 0            ; 0              ; 0      ; 0               ; 0             ; 0               ; 0     ; 0              ; 0            ; 0                ; 0                 ;
; jtag8|myjtag_inst                                     ; 1     ; 0              ; 0            ; 0              ; 13     ; 0               ; 0             ; 0               ; 0     ; 0              ; 0            ; 0                ; 0                 ;
; jtag8                                                 ; 0     ; 0              ; 0            ; 0              ; 32     ; 0               ; 0             ; 0               ; 0     ; 0              ; 0            ; 0                ; 0                 ;
; jtag7|myjtag_inst                                     ; 1     ; 0              ; 0            ; 0              ; 13     ; 0               ; 0             ; 0               ; 0     ; 0              ; 0            ; 0                ; 0                 ;
; jtag7                                                 ; 0     ; 0              ; 0            ; 0              ; 32     ; 0               ; 0             ; 0               ; 0     ; 0              ; 0            ; 0                ; 0                 ;
; jtag6|myjtag_inst                                     ; 1     ; 0              ; 0            ; 0              ; 13     ; 0               ; 0             ; 0               ; 0     ; 0              ; 0            ; 0                ; 0                 ;
; jtag6                                                 ; 0     ; 0              ; 0            ; 0              ; 32     ; 0               ; 0             ; 0               ; 0     ; 0              ; 0            ; 0                ; 0                 ;
; jtag5|myjtag_inst                                     ; 1     ; 0              ; 0            ; 0              ; 13     ; 0               ; 0             ; 0               ; 0     ; 0              ; 0            ; 0                ; 0                 ;
; jtag5                                                 ; 0     ; 0              ; 0            ; 0              ; 32     ; 0               ; 0             ; 0               ; 0     ; 0              ; 0            ; 0                ; 0                 ;
; jtag4|myjtag_inst                                     ; 1     ; 0              ; 0            ; 0              ; 13     ; 0               ; 0             ; 0               ; 0     ; 0              ; 0            ; 0                ; 0                 ;
; jtag4                                                 ; 0     ; 0              ; 0            ; 0              ; 32     ; 0               ; 0             ; 0               ; 0     ; 0              ; 0            ; 0                ; 0                 ;
; jtag3|myjtag_inst                                     ; 1     ; 0              ; 0            ; 0              ; 13     ; 0               ; 0             ; 0               ; 0     ; 0              ; 0            ; 0                ; 0                 ;
; jtag3                                                 ; 0     ; 0              ; 0            ; 0              ; 32     ; 0               ; 0             ; 0               ; 0     ; 0              ; 0            ; 0                ; 0                 ;
; jtag2|myjtag_inst                                     ; 1     ; 0              ; 0            ; 0              ; 13     ; 0               ; 0             ; 0               ; 0     ; 0              ; 0            ; 0                ; 0                 ;
; jtag2                                                 ; 0     ; 0              ; 0            ; 0              ; 32     ; 0               ; 0             ; 0               ; 0     ; 0              ; 0            ; 0                ; 0                 ;
; jtag1|myjtag_inst                                     ; 1     ; 0              ; 0            ; 0              ; 13     ; 0               ; 0             ; 0               ; 0     ; 0              ; 0            ; 0                ; 0                 ;
; jtag1                                                 ; 0     ; 0              ; 0            ; 0              ; 32     ; 0               ; 0             ; 0               ; 0     ; 0              ; 0            ; 0                ; 0                 ;
; jtag0|myjtag_inst                                     ; 1     ; 0              ; 0            ; 0              ; 13     ; 0               ; 0             ; 0               ; 0     ; 0              ; 0            ; 0                ; 0                 ;
; jtag0                                                 ; 0     ; 0              ; 0            ; 0              ; 32     ; 0               ; 0             ; 0               ; 0     ; 0              ; 0            ; 0                ; 0                 ;
+-------------------------------------------------------+-------+----------------+--------------+----------------+--------+-----------------+---------------+-----------------+-------+----------------+--------------+------------------+-------------------+
